Name,Replicas,EFP_Elst,EFP_Rep,EFP_Pol,EFP_Disp,EFP_CT,EFP_TOT
2mer-0+1,4,-0.0007962013,1.35448e-05,-6.02946e-05,-0.001865033,0.0,-0.002707984
2mer-0+2,4,-0.001418007,-0.0001794801,-6.56319e-05,-0.0023017994,0.0,-0.0039649184
2mer-0+6,4,-0.0024258271,0.0002405851,-0.0002449387,-0.0037734443,-5.07265e-05,-0.0062543514
2mer-0+16,2,-0.0001917461,-2.5357e-06,-1.35724e-05,-0.0004566014,0.0,-0.0006644555
2mer-0+5,2,1.44359e-05,-1.02e-08,-4.613e-07,-7.88532e-05,0.0,-6.48888e-05
2mer-0+21,2,-0.0001385924,-2.09e-07,-7.5505e-06,-0.000272738,0.0,-0.0004190899
2mer-0+12,4,-5.6563e-06,-3.6e-09,-4.826e-07,-7.79832e-05,0.0,-8.41257e-05
2mer-0+14,4,-3.46288e-05,-2.9e-09,-1.2873e-06,-9.07435e-05,0.0,-0.0001266626
2mer-0+37,2,5.36011e-05,-4e-10,-7.322e-07,-5.14737e-05,0.0,1.3948e-06
2mer-0+15,4,-3.3457e-06,-1e-10,-1.2674e-06,-7.53547e-05,0.0,-7.99679e-05
2mer-0+8,4,3.7588e-06,0.0,-2.71e-07,-3.34598e-05,0.0,-2.9972e-05
2mer-0+10,4,-6.3013e-06,0.0,-2.876e-07,-3.00567e-05,0.0,-3.66456e-05
2mer-0+27,4,-5.7784e-06,0.0,-1.0846e-06,-5.37456e-05,0.0,-6.06086e-05
2mer-0+18,2,1.19699e-05,0.0,-1.14e-07,-1.89499e-05,0.0,-7.0939e-06
2mer-0+22,2,6.9431e-06,0.0,-6.3e-08,-1.55845e-05,0.0,-8.7044e-06
2mer-0+45,4,9.8591e-06,0.0,-2.222e-07,-2.45339e-05,0.0,-1.4897e-05
2mer-0+40,4,-2.18372e-05,0.0,-1.912e-07,-2.0216e-05,0.0,-4.22444e-05
2mer-0+60,4,6.9719e-06,0.0,-1.381e-07,-1.63108e-05,0.0,-9.477e-06
2mer-0+26,2,-1.87519e-05,0.0,-1.13e-07,-1.66165e-05,0.0,-3.54813e-05
2mer-0+43,4,1.49118e-05,0.0,-6.97e-08,-1.31668e-05,0.0,1.6753e-06
2mer-0+59,4,6.9604e-06,0.0,-4.55e-08,-7.2881e-06,0.0,-3.732e-07
2mer-0+32,2,-1.83051e-05,0.0,-9.26e-08,-1.36828e-05,0.0,-3.20805e-05
2mer-0+44,2,5.4184e-06,0.0,-3.09e-08,-6.2837e-06,0.0,-8.962e-07
2mer-0+39,1,6.3209e-06,0.0,-2.87e-08,-6.3038e-06,0.0,-1.16e-08
2mer-0+55,2,5.5486e-05,0.0,-4.673e-07,-3.10898e-05,0.0,2.39288e-05
2mer-0+33,2,4.8006e-06,0.0,-1.59e-08,-4.4111e-06,0.0,3.737e-07
2mer-0+47,2,-7.6759e-06,0.0,-1.67e-08,-5.9045e-06,0.0,-1.35971e-05
2mer-0+34,2,-3.62e-07,0.0,-1.74e-08,-4.2717e-06,0.0,-4.6511e-06
2mer-0+64,4,-1.39e-06,0.0,-3.54e-08,-5.5942e-06,0.0,-7.0196e-06
2mer-0+54,2,2.4883e-06,0.0,-1.94e-08,-4.5436e-06,0.0,-2.0747e-06
2mer-0+58,2,-6.433e-07,0.0,-1.42e-08,-3.6544e-06,0.0,-4.3119e-06
2mer-0+52,2,-4.119e-06,0.0,-3.03e-08,-4.4131e-06,0.0,-8.5624e-06
2mer-0+98,2,-9.3159e-06,0.0,-4.15e-08,-5.9712e-06,0.0,-1.53286e-05
2mer-0+77,3,-7.5717e-06,0.0,-5.76e-08,-5.3944e-06,0.0,-1.30237e-05
2mer-0+95,4,4.99e-08,0.0,-1.8e-08,-3.5955e-06,0.0,-3.5636e-06
2mer-0+132,2,1.2111e-06,0.0,-7.6e-09,-2.9512e-06,0.0,-1.7477e-06
2mer-0+80,2,3.4377e-06,0.0,-1.54e-08,-3.391e-06,0.0,3.13e-08
2mer-0+57,2,9.372e-07,0.0,-9.6e-09,-2.3262e-06,0.0,-1.3986e-06
2mer-0+129,2,-5.9263e-06,0.0,-2.13e-08,-3.6194e-06,0.0,-9.567e-06
2mer-0+94,3,4.8266e-06,0.0,-1.48e-08,-3.4337e-06,0.0,1.3781e-06
2mer-0+63,2,2.3171e-06,0.0,-6.1e-09,-2.1376e-06,0.0,1.735e-07
2mer-0+153,2,-1.648e-07,0.0,-3.5e-09,-2.1578e-06,0.0,-2.3261e-06
2mer-0+88,4,8.1156e-06,0.0,-5.73e-08,-5.8053e-06,0.0,2.253e-06
2mer-0+104,2,-3.2174e-06,0.0,-5.1e-09,-2.4502e-06,0.0,-5.6727e-06
2mer-0+82,1,2.9313e-06,0.0,-5.36e-08,-5.0979e-06,0.0,-2.2202e-06
2mer-0+71,2,-1.874e-07,0.0,-8.1e-09,-2.2105e-06,0.0,-2.4059e-06
2mer-0+102,1,-1.6491e-06,0.0,-2.2e-09,-1.9118e-06,0.0,-3.5631e-06
2mer-0+74,2,-2.1118e-06,0.0,-4.1e-09,-2.0754e-06,0.0,-4.1913e-06
2mer-0+119,3,-6.1897e-06,0.0,-3.09e-08,-3.1956e-06,0.0,-9.4162e-06
2mer-0+147,1,2.0217e-06,0.0,-4.2e-09,-1.1093e-06,0.0,9.082e-07
2mer-0+127,2,-1.1897e-06,0.0,-1.61e-08,-2.2519e-06,0.0,-3.4577e-06
2mer-0+89,2,-1.0247e-06,0.0,-2.2e-09,-1.3807e-06,0.0,-2.4075e-06
2mer-0+116,2,-7.54e-07,0.0,-4e-09,-1.2156e-06,0.0,-1.9736e-06
2mer-0+113,1,-2.8946e-06,0.0,-9.1e-09,-1.7911e-06,0.0,-4.6947e-06
2mer-0+137,1,-4.166e-07,0.0,-1.1e-09,-1.0943e-06,0.0,-1.512e-06
2mer-0+123,1,-1.3343e-06,0.0,-1.2e-09,-1.3405e-06,0.0,-2.6759e-06
2mer-0+106,2,-1.472e-07,0.0,-3.2e-09,-1.1442e-06,0.0,-1.2946e-06
2mer-0+145,1,1.1818e-06,0.0,-2.1e-09,-8.845e-07,0.0,2.953e-07
2mer-0+93,1,6.095e-07,0.0,-1.4e-09,-8.709e-07,0.0,-2.628e-07
2mer-0+121,2,1.3539e-06,0.0,-2.3e-09,-8.419e-07,0.0,5.097e-07
2mer-0+155,1,-2.5462e-06,0.0,-5.7e-09,-1.2662e-06,0.0,-3.8181e-06
2mer-0+109,2,2.583e-07,0.0,-1.8e-09,-7.081e-07,0.0,-4.516e-07
2mer-0+136,2,2.446e-07,0.0,-1.9e-09,-7.637e-07,0.0,-5.211e-07
2mer-0+143,1,-2.2748e-06,0.0,-7.5e-09,-1.1679e-06,0.0,-3.4502e-06
2mer-0+161,1,-2.1616e-06,0.0,-3.5e-09,-1.0423e-06,0.0,-3.2074e-06
2mer-0+135,1,1.097e-06,0.0,-1.4e-09,-5.62e-07,0.0,5.336e-07
2mer-0+125,2,3.2e-09,0.0,-1.6e-09,-6.952e-07,0.0,-6.936e-07
2mer-0+159,1,1.273e-07,0.0,-1.5e-09,-6.045e-07,0.0,-4.788e-07
2mer-0+141,1,1.2307e-06,0.0,-1.7e-09,-5.98e-07,0.0,6.311e-07
2mer-0+150,2,-1.7524e-06,0.0,-2.9e-09,-8e-07,0.0,-2.5552e-06
2mer-0+144,1,-7.795e-07,0.0,-4e-10,-5.852e-07,0.0,-1.3651e-06
2mer-0+148,1,-1.0521e-06,0.0,-2.7e-09,-7.438e-07,0.0,-1.7987e-06
2mer-0+156,1,-8.531e-07,0.0,-4e-10,-5.486e-07,0.0,-1.4021e-06